Geert   59 87 93 45 34 85 44
Johan   42 51 33 44 56 57 47
Marie   44 85 95 45 62 73 32
Jim     34 23 82 42 54 35 48
Boris   87 96 65 74 62 74 62
Mie     98 97 97 98 99 98 98
John    54 83 92 45 36 83 96
Lotte   41 82 93 45 63 74 91
Tør     47 56 35 44 53 52 42
Loris   84 92 61 73 64 75 65
Jan     32 25  0  0  0  0  0
Lars    81 99  0 79 99 76  0
Philip  11 22 48 32 43  0 12
Mette   11 22  0  0  0  0  0
Nick    91 98 93 91 95 94 97
Peter   16 32 28 12 43 50 12
Borat    0 32 28 12  0 50 12
Hanna   92 93 92 92 94 95 96