diary on;
A = [1 2 3 4; 5:8]
A =
     1     2     3     4
     5     6     7     8
zeros(5,6)
ans =
     0     0     0     0     0     0
     0     0     0     0     0     0
     0     0     0     0     0     0
     0     0     0     0     0     0
     0     0     0     0     0     0
ones(5,6)
ans =
     1     1     1     1     1     1
     1     1     1     1     1     1
     1     1     1     1     1     1
     1     1     1     1     1     1
     1     1     1     1     1     1
5*ones(2,4)
ans =
     5     5     5     5
     5     5     5     5
zeros(4)
ans =
     0     0     0     0
     0     0     0     0
     0     0     0     0
     0     0     0     0
ones(1,5)
ans =
     1     1     1     1     1
zeros(5,1)
ans =
     0
     0
     0
     0
     0
diag([7 3 9 1])
ans =
     7     0     0     0
     0     3     0     0
     0     0     9     0
     0     0     0     1
rand
ans =
    0.8147
rand
ans =
    0.9058
rand(3,4)
ans =
    0.1270    0.0975    0.9575    0.9706
    0.9134    0.2785    0.9649    0.9572
    0.6324    0.5469    0.1576    0.4854
rand(5)
ans =
    0.8003    0.9595    0.6787    0.1712    0.0971
    0.1419    0.6557    0.7577    0.7060    0.8235
    0.4218    0.0357    0.7431    0.0318    0.6948
    0.9157    0.8491    0.3922    0.2769    0.3171
    0.7922    0.9340    0.6555    0.0462    0.9502
1 + rand(5,4)*10
ans =
    1.3445    2.8687    8.5469    2.1900
    5.3874    5.8976    3.7603    5.9836
    4.8156    5.4559    7.7970   10.5974
    8.6552    7.4631    7.5510    4.4039
    8.9520    8.0936    2.6261    6.8527
fix(1 + rand(5,4)*10)
ans =
     3     9     3    10
     8    10     9     4
     3     6     3     2
     6     2     9     3
     7     2     3     7
rand(5,4)*10
ans =
    4.7329    9.1719    5.6782    9.3401
    3.5166    2.8584    0.7585    1.2991
    8.3083    7.5720    0.5395    5.6882
    5.8526    7.5373    5.3080    4.6939
    5.4972    3.8045    7.7917    0.1190
rand(5,4)
ans =
    0.3371    0.1656    0.7482    0.1524
    0.1622    0.6020    0.4505    0.8258
    0.7943    0.2630    0.0838    0.5383
    0.3112    0.6541    0.2290    0.9961
    0.5285    0.6892    0.9133    0.0782
rand(5,4)*4
ans =
    1.7707    3.2692    3.2003    0.5822
    0.4266    3.4748    1.7257    0.5443
    3.8476    0.3377    3.6426    3.4772
    0.0185    1.5991    0.7274    2.3188
    3.0996    1.0395    1.0552    2.1994
3 + rand(5,4)*4
ans =
    3.5798    4.6072    3.9598    4.9635
    6.4121    3.3039    4.6691    4.9570
    5.4882    3.9597    3.1986    4.3509
    4.4038    3.4933    6.6109    6.6002
    5.0530    3.7356    6.7791    4.4770
3 + rand(5,4)*4
ans =
    3.4448    3.3858    3.2391    3.1721
    6.1210    3.5279    3.9391    3.6760
    4.5590    6.7682    4.4126    5.5965
    3.9668    6.8245    6.2848    5.9269
    4.6156    5.3008    3.0616    5.5910
3 + rand(5,4)
ans =
    3.4509    3.6868    3.0811    3.4468
    3.5470    3.1835    3.9294    3.3063
    3.2963    3.3685    3.7757    3.5085
    3.7447    3.6256    3.4868    3.5108
    3.1890    3.7802    3.4359    3.8176
3 + rand(5,4)
ans =
    3.7948    3.3507    3.5870    3.8443
    3.6443    3.9390    3.2077    3.1948
    3.3786    3.8759    3.3012    3.2259
    3.8116    3.5502    3.4709    3.1707
    3.5328    3.6225    3.2305    3.2277
9 + rand(5,4)
ans =
    9.4357    9.9049    9.4087    9.2217
    9.3111    9.9797    9.5949    9.1174
    9.9234    9.4389    9.2622    9.2967
    9.4302    9.1111    9.6028    9.3188
    9.1848    9.2581    9.7112    9.4242
9 + rand(5,4)*2
ans =
   10.0157   10.8577    9.9177    9.9778
    9.1710   10.4607   10.9262   10.2481
    9.5250    9.9772   10.0936   10.3583
   10.6020   10.1571   10.0423    9.7910
    9.0584    9.4746    9.4632    9.7349
fix(9 + rand(5,4)*2)
ans =
    10     9    10    10
     9     9     9    10
    10     9    10    10
    10    10     9     9
    10     9    10    10
fix(9 + rand(5,4)*3)
ans =
     9    11    10    10
     9    10     9     9
    11    10     9    11
    10    11    11    11
    10    11     9    10
fix(9 + rand(5,4)*3)
ans =
    10    10     9    11
     9     9    10    10
    11    11    10    10
     9    11    11    11
     9    11    10     9
randi(10,5,4)
ans =
     2     1     7     2
     2     4     3     2
     4     6     5     4
     9     5     1     2
     9     7    10     5
randi(10,5)
ans =
     4     3    10     7     2
    10     5     4     7     1
    10     6     8     2     6
     1    10     7     2     9
     8     5     6    10     7
randi([5 10], 2, 3)
ans =
     6     7     5
     7    10    10
rand(5)
ans =
    0.6448    0.1206    0.2518    0.9827    0.9063
    0.3763    0.5895    0.2904    0.7302    0.8797
    0.1909    0.2262    0.6171    0.3439    0.8178
    0.4283    0.3846    0.2653    0.5841    0.2607
    0.4820    0.5830    0.8244    0.1078    0.5944
randn(5)
ans =
   -0.5583   -0.2099    0.2696    0.1097    1.1741
   -0.3114   -1.6989    0.4943    1.1287    0.1269
   -0.5700    0.6076   -1.4831   -0.2900   -0.6568
   -1.0257   -0.1178   -1.0203    1.2616   -1.4814
   -0.9087    0.6992   -0.4470    0.4754    0.1555
r = randn(1,1000000);
hist(r,100)
rand 
ans =
    0.7029
rng(0)
%giving it that zero as input resets the random number stream to the beginning 
rand(1,3)
ans =
    0.8147    0.9058    0.1270
rng(1)
[rand, randn, randi]
{Error using <a href="matlab:helpUtils.errorDocCallback('randi')" style="font-weight:bold">randi</a>
Not enough input arguments.} 
[rand, randn, randi(10)]
ans =
    0.0001   -1.5461    2.0000
[rand, randn, randi(10)]
ans =
    0.0923   -0.8456    4.0000
rng(1); [rand, randn, randi(10)]
ans =
    0.4170    1.1812    1.0000
[rand, randn, randi(10)]
ans =
    0.3023   -0.7585    1.0000
rng(1); [rand, randn, randi(10)]
ans =
    0.4170    1.1812    1.0000
rng(1); [rand, randn, randi(10)]
ans =
    0.4170    1.1812    1.0000
[rand, randn, randi(10)]
ans =
    0.3023   -0.7585    1.0000
[rand, randn, randi(10)]
ans =
    0.1863   -0.5727    4.0000
[rand, randn, randi(10)]
ans =
    0.5388   -0.1969    7.0000
rng(1); [rand, randn, randi(10)]
ans =
    0.4170    1.1812    1.0000
rng(2); [rand, randn, randi(10)]
ans =
    0.4360   -2.5415    6.0000
[rand, randn, randi(10)]
ans =
    0.4353   -0.1962    4.0000
[rand, randn, randi(10)]
ans =
    0.2046    0.1942    3.0000
rng(2); [rand, randn, randi(10)]
ans =
    0.4360   -2.5415    6.0000
rng('shuffle'); [rand, randn, randi(10)]
ans =
    0.9806   -0.6125    8.0000
rng('shuffle'); [rand, randn, randi(10)]
ans =
    0.0351    1.3013    9.0000
rng('shuffle'); [rand, randn, randi(10)]
ans =
    0.6924   -0.8791    8.0000
rng('shuffle'); [rand, randn, randi(10)]
ans =
    0.1952   -0.3627   10.0000
rng('shuffle'); [rand, randn, randi(10)]
ans =
    0.2809    0.0672   10.0000
diary off;
