UGeert   53    0   72   67   25   92   22
GJohan   31    8   66   59   38   33   48   28
UMarie   52   85   19   45    0   17   63
GJim     95    0   42   49   91   77   83   12
UBoris   47   64   14    4   60   73   84
GJohn    58   61   11    0   51   71    9   11
UTor     30   55   15    0   18   37   66
GLotte   80   54   99   98   81   75   26   36
UJan      7   87    0   93   78   13    5
GLoris   41    6   70   86   34   10    2   32
ULars    82   29   70   57   65   46   90
GCiccio  96    0   34   21   43    0   42   79
UBurger  13   21    0    0    0    0    0