Geert   50 80 90 45 30 80 44
Johan   40 50 30 40 50 50 40
Marie   40 80 90 45 60 70 32
Jim     30 20 80 40 50 30 40
Boris   80 90 60 70 60 70 60
John    50 80 90 45 30 80 90
Tør     40 50 30 40 50 50 40
Lotte   40 80 90 45 60 70 91
Jan     30 20 80 40 50 30 40
Loris   80 90 60 70 60 70 60
Lars    80 90 60 70 60 70  0
XXXX    11 22  0  0  0  0  0

Geert   53    0   72   67   25   92   22
Johan   31    8   59   38   33   48   28
Marie   52   85   19   45    0   17   63
Jim     95    0   49   91   77   83   12
Boris   47   64   14    4   60   73   84
John    58   61    0   51   71    9   11
Tor     30   55   15   0   18   37   66
Lotte   80   54   98   81   75   26   36
Jan      7   87    0   93   78   13    5
Loris   41    6   86   34   10    2   32
Lars    82   29   70   57   65   46   90
Ciccio  96    0   21   43    0   42   79